Date,Bottom Tier,Middle Tier,Upper Tier,bottom_middle_diff,middle_upper_diff
1999-06-30,0.300006826842418,0.183957583382155,0.147950164218904,0.11604924346026296,0.03600741916325101
1999-09-30,0.315029561367336,0.19121004895574,0.155872277813754,0.123819512411596,0.035337771141985996
1999-12-31,0.316834076919005,0.196900867473799,0.157198360559066,0.119933209445206,0.03970250691473301
2000-03-31,0.334600327650543,0.206565833681418,0.166470373144077,0.12803449396912497,0.040095460537341004
2000-06-30,0.343595503100709,0.210425875807486,0.171480781529044,0.13316962729322301,0.038945094278442005
2000-09-30,0.337008659994445,0.204490530944068,0.168676008847611,0.13251812905037702,0.035814522096457
2000-12-31,0.33101382469627,0.196284795638892,0.165851651914839,0.134729029057378,0.030433143724053008
2001-03-31,0.316225599945105,0.191523657698465,0.158738301159257,0.12470194224664002,0.032785356539208
2001-06-30,0.322983663828958,0.198757865009559,0.161589359473976,0.12422579881939899,0.037168505535582985
2001-09-30,0.317323980120768,0.194173855796788,0.159093737834945,0.12315012432398001,0.035080117961843016
2001-12-31,0.314264867876111,0.201900648867995,0.157620339397031,0.11236421900811602,0.04428030947096401
2002-03-31,0.319655120269355,0.203093689321815,0.160052337588569,0.11656143094753998,0.043041351733246025
2002-06-30,0.317112271194688,0.19609388785568,0.158898373427552,0.121018383339008,0.03719551442812799
2002-09-30,0.30777449794718,0.187993066184516,0.154582395326699,0.11978143176266398,0.03341067085781699
2002-12-31,0.305916359590861,0.189939990868298,0.153516106330898,0.115976368722563,0.0364238845374
2003-03-31,0.299572698401539,0.186713792047662,0.150890580998951,0.11285890635387699,0.035823211048711
2003-06-30,0.290589884601736,0.179335000022308,0.146611526422606,0.111254884579428,0.03272347359970201
2003-09-30,0.312449895118021,0.201280343042882,0.157423620978203,0.11116955207513901,0.043856722064679
2003-12-31,0.312102405337288,0.198275826241666,0.157034552416584,0.113826579095622,0.041241273825082
2004-03-31,0.306139820360892,0.193019348907396,0.154263578822349,0.11312047145349599,0.03875577008504699
2004-06-30,0.329791042919414,0.215143250487059,0.166985444895272,0.11464779243235501,0.048157805591787006
2004-09-30,0.326321256063125,0.206716533109477,0.164969907148721,0.11960472295364802,0.041746625960755984
2004-12-31,0.335337820529003,0.209429306040689,0.17032506441913,0.12590851448831403,0.03910424162155898
2005-03-31,0.344622475943608,0.217783298148648,0.175524007741927,0.12683917779496,0.042259290406720995
2005-06-30,0.348786237110752,0.213759421392396,0.178196083757518,0.135026815718356,0.03556333763487801
2005-09-30,0.359504875367691,0.222679702480312,0.18525401741802,0.136825172887379,0.03742568506229199
2005-12-31,0.379557280881295,0.238033315966311,0.196519701544918,0.14152396491498398,0.04151361442139301
2006-03-31,0.385518497829042,0.239720206802526,0.200335834123272,0.145798291026516,0.039384372679254015
2006-06-30,0.394080836120058,0.248505626932766,0.204489765659832,0.145575209187292,0.044015861272934
2006-09-30,0.39450072685207,0.239977969013472,0.202797686274743,0.154522757838598,0.037180282738728976
2006-12-31,0.38823644335913,0.231527125966972,0.197528181871879,0.156709317392158,0.03399894409509299
2007-03-31,0.386511967732875,0.230026952274406,0.194974864833581,0.156485015458469,0.035052087440825
2007-06-30,0.396854059428764,0.238875071279897,0.198227510021298,0.15797898814886702,0.040647561258599
2007-09-30,0.395103708295491,0.228107120010997,0.196669455316104,0.166996588284494,0.03143766469489301
2007-12-31,0.376452119897899,0.217575580353416,0.186522005618632,0.158876539544483,0.031053574734784012
2008-03-31,0.361669225526017,0.208871335773845,0.178515781377366,0.15279788975217198,0.030355554396478995
2008-06-30,0.359802609907623,0.209480586637814,0.178131783921479,0.15032202326980904,0.031348802716335
2008-09-30,0.353303335164139,0.199038848542417,0.173563215848645,0.15426448662172199,0.025475632693771982
2008-12-31,0.325249890825137,0.182370961899336,0.158978395400341,0.142878928925801,0.023392566498994988
2009-03-31,0.305116098397655,0.177042199158213,0.148913030265702,0.128073899239442,0.02812916889251102
2009-06-30,0.300715667763547,0.184616786671929,0.146198572456105,0.11609888109161803,0.038418214215823976
2009-09-30,0.296059051151457,0.176486559112562,0.145208602587849,0.11957249203889497,0.03127795652471299
2009-12-31,0.283834902801679,0.17162248906908,0.139868784576355,0.11221241373259899,0.03175370449272502
2010-03-31,0.28266766781516,0.169842356450121,0.139314765933949,0.11282531136503901,0.030527590516171987
2010-06-30,0.277244198838934,0.162655542660215,0.136762947443814,0.11458865617871897,0.025892595216401
2010-09-30,0.258188374992304,0.152524744410917,0.12791825296249,0.105663630581387,0.024606491448427026
2010-12-31,0.251172108413448,0.156852367352033,0.125804325977473,0.094319741061415,0.031048041374559993
2011-03-31,0.251116389152907,0.156830990708703,0.127188930432735,0.09428539844420403,0.029642060275967996
2011-06-30,0.23795477846917,0.148824069251425,0.121763928051325,0.08913070921774499,0.027060141200100002
2011-09-30,0.224895770627753,0.139991974020258,0.116666071661323,0.084903796607495,0.023325902358935002
2011-12-31,0.215239997127609,0.136584260482964,0.112232443847845,0.07865573664464501,0.024351816635118984
2012-03-31,0.207428609175111,0.13613416957381,0.108524437175132,0.071294439601301,0.027609732398678005
2012-06-30,0.201044903139847,0.131772827316537,0.10571878816457,0.06927207582330999,0.026054039151966996
2012-09-30,0.19891631027903,0.12903239665652,0.104903960939388,0.06988391362251001,0.024128435717131996
2012-12-31,0.192419607427326,0.125816993230387,0.101691884564529,0.066602614196939,0.024125108665858
2013-03-31,0.200043028614074,0.130903832399546,0.105950937949825,0.06913919621452799,0.024952894449721
2013-06-30,0.201795843947856,0.141352762428068,0.10768259999825,0.060443081519788,0.03367016242981799
2013-09-30,0.224197154066361,0.152220571799203,0.120324460923795,0.071976582267158,0.031896110875408
2013-12-31,0.220305999559729,0.152903784785736,0.118740234281126,0.067402214773993,0.034163550504609994
2014-03-31,0.218583077762231,0.151174150241009,0.118414484032389,0.06740892752122199,0.03275966620862
2014-06-30,0.214529553784859,0.14810375109741,0.116466765805661,0.06642580268744899,0.031636985291749006
2014-09-30,0.216563680918454,0.147641347259502,0.116018709648641,0.06892233365895198,0.03162263761086101
2014-12-31,0.216521292244921,0.142040646809344,0.114419433957537,0.074480645435577,0.027621212851807006
2015-03-31,0.213811068259828,0.140655705501109,0.111790791619987,0.073155362758719,0.028864913881122
2015-06-30,0.219127705727735,0.145460476018609,0.112807115597805,0.07366722970912598,0.03265336042080401
2015-09-30,0.226646357652841,0.144927107975765,0.114031087449296,0.081719249677076,0.03089602052646899
2015-12-31,0.231051461119408,0.146746722435416,0.114362028488264,0.08430473868399199,0.032384693947152
2016-03-31,0.22669349273208,0.142883551599987,0.11095378858327,0.083809941132093,0.031929763016717
